    0.10000E-03    0.42602E+03
    0.10202E-03    0.43434E+03
    0.10408E-03    0.44283E+03
    0.10618E-03    0.45148E+03
    0.10833E-03    0.46030E+03
    0.11052E-03    0.46930E+03
    0.11275E-03    0.47846E+03
    0.11503E-03    0.48781E+03
    0.11735E-03    0.49734E+03
    0.11972E-03    0.50706E+03
    0.12214E-03    0.51696E+03
    0.12461E-03    0.52706E+03
    0.12712E-03    0.53735E+03
    0.12969E-03    0.54785E+03
    0.13231E-03    0.55855E+03
    0.13499E-03    0.56946E+03
    0.13771E-03    0.58058E+03
    0.14049E-03    0.59192E+03
    0.14333E-03    0.60348E+03
    0.14623E-03    0.61526E+03
    0.14918E-03    0.62728E+03
    0.15220E-03    0.63953E+03
    0.15527E-03    0.65201E+03
    0.15841E-03    0.66474E+03
    0.16161E-03    0.67772E+03
    0.16487E-03    0.69095E+03
    0.16820E-03    0.70444E+03
    0.17160E-03    0.71819E+03
    0.17507E-03    0.73221E+03
    0.17860E-03    0.74650E+03
    0.18221E-03    0.76107E+03
    0.18589E-03    0.77592E+03
    0.18965E-03    0.79107E+03
    0.19348E-03    0.80650E+03
    0.19739E-03    0.82224E+03
    0.20138E-03    0.83828E+03
    0.20544E-03    0.85463E+03
    0.20959E-03    0.87130E+03
    0.21383E-03    0.88830E+03
    0.21815E-03    0.90562E+03
    0.22255E-03    0.92328E+03
    0.22705E-03    0.94129E+03
    0.23164E-03    0.95964E+03
    0.23632E-03    0.97835E+03
    0.24109E-03    0.99742E+03
    0.24596E-03    0.10169E+04
    0.25093E-03    0.10367E+04
    0.25600E-03    0.10569E+04
    0.26117E-03    0.10775E+04
    0.26645E-03    0.10985E+04
    0.27183E-03    0.11199E+04
    0.27732E-03    0.11417E+04
    0.28292E-03    0.11639E+04
    0.28864E-03    0.11866E+04
    0.29447E-03    0.12097E+04
    0.30042E-03    0.12332E+04
    0.30649E-03    0.12572E+04
    0.31268E-03    0.12817E+04
    0.31899E-03    0.13066E+04
    0.32544E-03    0.13320E+04
    0.33201E-03    0.13579E+04
    0.33872E-03    0.13843E+04
    0.34556E-03    0.14112E+04
    0.35254E-03    0.14387E+04
    0.35966E-03    0.14666E+04
    0.36693E-03    0.14951E+04
    0.37434E-03    0.15242E+04
    0.38190E-03    0.15537E+04
    0.38962E-03    0.15839E+04
    0.39749E-03    0.16146E+04
    0.40552E-03    0.16460E+04
    0.41371E-03    0.16779E+04
    0.42207E-03    0.17104E+04
    0.43060E-03    0.17436E+04
    0.43929E-03    0.17774E+04
    0.44817E-03    0.18118E+04
    0.45722E-03    0.18469E+04
    0.46646E-03    0.18826E+04
    0.47588E-03    0.19191E+04
    0.48550E-03    0.19562E+04
    0.49530E-03    0.19940E+04
    0.50531E-03    0.20326E+04
    0.51552E-03    0.20718E+04
    0.52593E-03    0.21118E+04
    0.53656E-03    0.21526E+04
    0.54739E-03    0.21941E+04
    0.55845E-03    0.22364E+04
    0.56973E-03    0.22796E+04
    0.58124E-03    0.23235E+04
    0.59299E-03    0.23682E+04
    0.60496E-03    0.24138E+04
    0.61719E-03    0.24602E+04
    0.62965E-03    0.25075E+04
    0.64237E-03    0.25557E+04
    0.65535E-03    0.26048E+04
    0.66859E-03    0.26548E+04
    0.68210E-03    0.27057E+04
    0.69588E-03    0.27575E+04
    0.70993E-03    0.28103E+04
    0.72427E-03    0.28641E+04
    0.73891E-03    0.29189E+04
    0.75383E-03    0.29747E+04
    0.76906E-03    0.30315E+04
    0.78460E-03    0.30894E+04
    0.80045E-03    0.31483E+04
    0.81662E-03    0.32082E+04
    0.83311E-03    0.32693E+04
    0.84994E-03    0.33315E+04
    0.86711E-03    0.33948E+04
    0.88463E-03    0.34592E+04
    0.90250E-03    0.35248E+04
    0.92073E-03    0.35916E+04
    0.93933E-03    0.36596E+04
    0.95831E-03    0.37288E+04
    0.97767E-03    0.37992E+04
    0.99742E-03    0.38709E+04
    0.10176E-02    0.39438E+04
    0.10381E-02    0.40181E+04
    0.10591E-02    0.40936E+04
    0.10805E-02    0.41705E+04
    0.11023E-02    0.42487E+04
    0.11246E-02    0.43283E+04
    0.11473E-02    0.44093E+04
    0.11705E-02    0.44916E+04
    0.11941E-02    0.45754E+04
    0.12182E-02    0.46606E+04
    0.12429E-02    0.47473E+04
    0.12680E-02    0.48355E+04
    0.12936E-02    0.49251E+04
    0.13197E-02    0.50163E+04
    0.13464E-02    0.51090E+04
    0.13736E-02    0.52033E+04
    0.14013E-02    0.52991E+04
    0.14296E-02    0.53965E+04
    0.14585E-02    0.54955E+04
    0.14880E-02    0.55962E+04
    0.15180E-02    0.56984E+04
    0.15487E-02    0.58024E+04
    0.15800E-02    0.59080E+04
    0.16119E-02    0.60153E+04
    0.16445E-02    0.61244E+04
    0.16777E-02    0.62351E+04
    0.17116E-02    0.63476E+04
    0.17462E-02    0.64619E+04
    0.17814E-02    0.65779E+04
    0.18174E-02    0.66957E+04
    0.18541E-02    0.68154E+04
    0.18916E-02    0.69368E+04
    0.19298E-02    0.70601E+04
    0.19688E-02    0.71852E+04
    0.20086E-02    0.73122E+04
    0.20491E-02    0.74410E+04
    0.20905E-02    0.75717E+04
    0.21328E-02    0.77044E+04
    0.21758E-02    0.78389E+04
    0.22198E-02    0.79753E+04
    0.22646E-02    0.81136E+04
    0.23104E-02    0.82539E+04
    0.23571E-02    0.83961E+04
    0.24047E-02    0.85402E+04
    0.24533E-02    0.86863E+04
    0.25028E-02    0.88343E+04
    0.25534E-02    0.89842E+04
    0.26050E-02    0.91361E+04
    0.26576E-02    0.92900E+04
    0.27113E-02    0.94457E+04
    0.27660E-02    0.96035E+04
    0.28219E-02    0.97632E+04
    0.28789E-02    0.99248E+04
    0.29371E-02    0.10088E+05
    0.29964E-02    0.10254E+05
    0.30569E-02    0.10421E+05
    0.31187E-02    0.10590E+05
    0.31817E-02    0.10762E+05
    0.32460E-02    0.10935E+05
    0.33115E-02    0.11110E+05
    0.33784E-02    0.11286E+05
    0.34467E-02    0.11465E+05
    0.35163E-02    0.11645E+05
    0.35874E-02    0.11827E+05
    0.36598E-02    0.12011E+05
    0.37338E-02    0.12197E+05
    0.38092E-02    0.12384E+05
    0.38861E-02    0.12573E+05
    0.39646E-02    0.12764E+05
    0.40447E-02    0.12956E+05
    0.41264E-02    0.13150E+05
    0.42098E-02    0.13345E+05
    0.42948E-02    0.13542E+05
    0.43816E-02    0.13740E+05
    0.44701E-02    0.13940E+05
    0.45604E-02    0.14141E+05
    0.46525E-02    0.14343E+05
    0.47465E-02    0.14546E+05
    0.48424E-02    0.14751E+05
    0.49402E-02    0.14956E+05
    0.50400E-02    0.15163E+05
    0.51419E-02    0.15370E+05
    0.52457E-02    0.15579E+05
    0.53517E-02    0.15788E+05
    0.54598E-02    0.15998E+05
    0.55701E-02    0.16209E+05
    0.56826E-02    0.16420E+05
    0.57974E-02    0.16632E+05
    0.59145E-02    0.16844E+05
    0.60340E-02    0.17057E+05
    0.61559E-02    0.17269E+05
    0.62803E-02    0.17481E+05
    0.64072E-02    0.17693E+05
    0.65366E-02    0.17905E+05
    0.66686E-02    0.18117E+05
    0.68033E-02    0.18329E+05
    0.69408E-02    0.18539E+05
    0.70810E-02    0.18749E+05
    0.72240E-02    0.18958E+05
    0.73700E-02    0.19167E+05
    0.75189E-02    0.19374E+05
    0.76708E-02    0.19580E+05
    0.78257E-02    0.19784E+05
    0.79838E-02    0.19987E+05
    0.81451E-02    0.20188E+05
    0.83096E-02    0.20387E+05
    0.84775E-02    0.20583E+05
    0.86488E-02    0.20778E+05
    0.88235E-02    0.20970E+05
    0.90017E-02    0.21159E+05
    0.91836E-02    0.21346E+05
    0.93691E-02    0.21529E+05
    0.95583E-02    0.21710E+05
    0.97514E-02    0.21886E+05
    0.99484E-02    0.22059E+05
    0.10149E-01    0.22228E+05
    0.10354E-01    0.22393E+05
    0.10564E-01    0.22554E+05
    0.10777E-01    0.22710E+05
    0.10995E-01    0.22861E+05
    0.11217E-01    0.23007E+05
    0.11443E-01    0.23147E+05
    0.11675E-01    0.23282E+05
    0.11910E-01    0.23411E+05
    0.12151E-01    0.23534E+05
    0.12397E-01    0.23650E+05
    0.12647E-01    0.23760E+05
    0.12902E-01    0.23864E+05
    0.13163E-01    0.23960E+05
    0.13429E-01    0.24049E+05
    0.13700E-01    0.24131E+05
    0.13977E-01    0.24204E+05
    0.14259E-01    0.24268E+05
    0.14547E-01    0.24323E+05
    0.14841E-01    0.24368E+05
    0.15141E-01    0.24404E+05
    0.15447E-01    0.24432E+05
    0.15759E-01    0.24454E+05
    0.16077E-01    0.24470E+05
    0.16402E-01    0.24479E+05
    0.16734E-01    0.24481E+05
    0.17072E-01    0.24474E+05
    0.17416E-01    0.24454E+05
    0.17768E-01    0.24421E+05
    0.18127E-01    0.24373E+05
    0.18493E-01    0.24311E+05
    0.18867E-01    0.24237E+05
    0.19248E-01    0.24152E+05
    0.19637E-01    0.24056E+05
    0.20034E-01    0.23950E+05
    0.20438E-01    0.23834E+05
    0.20851E-01    0.23704E+05
    0.21272E-01    0.23562E+05
    0.21702E-01    0.23404E+05
    0.22141E-01    0.23232E+05
    0.22588E-01    0.23046E+05
    0.23044E-01    0.22848E+05
    0.23510E-01    0.22640E+05
    0.23985E-01    0.22422E+05
    0.24469E-01    0.22196E+05
    0.24964E-01    0.21963E+05
    0.25468E-01    0.21721E+05
    0.25982E-01    0.21472E+05
    0.26507E-01    0.21215E+05
    0.27043E-01    0.20951E+05
    0.27589E-01    0.20679E+05
    0.28146E-01    0.20398E+05
    0.28715E-01    0.20109E+05
    0.29295E-01    0.19810E+05
    0.29887E-01    0.19503E+05
    0.30490E-01    0.19189E+05
    0.31106E-01    0.18870E+05
    0.31735E-01    0.18548E+05
    0.32376E-01    0.18223E+05
    0.33030E-01    0.17898E+05
    0.33697E-01    0.17572E+05
    0.34378E-01    0.17247E+05
    0.35072E-01    0.16922E+05
    0.35781E-01    0.16597E+05
    0.36504E-01    0.16275E+05
    0.37241E-01    0.15956E+05
    0.37993E-01    0.15641E+05
    0.38761E-01    0.15331E+05
    0.39544E-01    0.15027E+05
    0.40343E-01    0.14729E+05
    0.41158E-01    0.14439E+05
    0.41989E-01    0.14155E+05
    0.42838E-01    0.13879E+05
    0.43703E-01    0.13611E+05
    0.44586E-01    0.13352E+05
    0.45486E-01    0.13102E+05
    0.46405E-01    0.12863E+05
    0.47343E-01    0.12635E+05
    0.48299E-01    0.12419E+05
    0.49275E-01    0.12214E+05
    0.50270E-01    0.12019E+05
    0.51286E-01    0.11833E+05
    0.52322E-01    0.11655E+05
    0.53379E-01    0.11485E+05
    0.54457E-01    0.11321E+05
    0.55557E-01    0.11163E+05
    0.56680E-01    0.11010E+05
    0.57825E-01    0.10861E+05
    0.58993E-01    0.10715E+05
    0.60184E-01    0.10570E+05
    0.61400E-01    0.10427E+05
    0.62641E-01    0.10283E+05
    0.63906E-01    0.10137E+05
    0.65197E-01    0.99874E+04
    0.66514E-01    0.98330E+04
    0.67858E-01    0.96712E+04
    0.69229E-01    0.94996E+04
    0.70627E-01    0.93173E+04
    0.72054E-01    0.91258E+04
    0.73510E-01    0.89270E+04
    0.74994E-01    0.87214E+04
    0.76509E-01    0.85059E+04
    0.78055E-01    0.82774E+04
    0.79632E-01    0.80355E+04
    0.81241E-01    0.77847E+04
    0.82882E-01    0.75294E+04
    0.84556E-01    0.72723E+04
    0.86264E-01    0.70152E+04
    0.88007E-01    0.67599E+04
    0.89785E-01    0.65087E+04
    0.91598E-01    0.62640E+04
    0.93449E-01    0.60282E+04
    0.95337E-01    0.58034E+04
    0.97263E-01    0.55916E+04
    0.99227E-01    0.53945E+04
    0.10123E+00    0.52134E+04
    0.10328E+00    0.50496E+04
    0.10536E+00    0.49030E+04
    0.10749E+00    0.47735E+04
    0.10966E+00    0.46601E+04
    0.11188E+00    0.45604E+04
    0.11414E+00    0.44723E+04
    0.11644E+00    0.43924E+04
    0.11880E+00    0.43174E+04
    0.12120E+00    0.42439E+04
    0.12365E+00    0.41685E+04
    0.12614E+00    0.40882E+04
    0.12869E+00    0.40004E+04
    0.13129E+00    0.39033E+04
    0.13394E+00    0.37959E+04
    0.13665E+00    0.36781E+04
    0.13941E+00    0.35509E+04
    0.14223E+00    0.34159E+04
    0.14510E+00    0.32755E+04
    0.14803E+00    0.31329E+04
    0.15102E+00    0.29914E+04
    0.15407E+00    0.28548E+04
    0.15718E+00    0.27267E+04
    0.16036E+00    0.26101E+04
    0.16360E+00    0.25073E+04
    0.16690E+00    0.24189E+04
    0.17028E+00    0.23440E+04
    0.17371E+00    0.22806E+04
    0.17722E+00    0.22259E+04
    0.18080E+00    0.21768E+04
    0.18446E+00    0.21300E+04
    0.18818E+00    0.20822E+04
    0.19198E+00    0.20302E+04
    0.19586E+00    0.19714E+04
    0.19982E+00    0.19048E+04
    0.20386E+00    0.18313E+04
    0.20797E+00    0.17531E+04
    0.21218E+00    0.16734E+04
    0.21646E+00    0.15955E+04
    0.22083E+00    0.15222E+04
    0.22530E+00    0.14559E+04
    0.22985E+00    0.13980E+04
    0.23449E+00    0.13488E+04
    0.23923E+00    0.13069E+04
    0.24406E+00    0.12701E+04
    0.24899E+00    0.12356E+04
    0.25402E+00    0.12006E+04
    0.25915E+00    0.11627E+04
    0.26439E+00    0.11210E+04
    0.26973E+00    0.10760E+04
    0.27518E+00    0.10292E+04
    0.28074E+00    0.98283E+03
    0.28641E+00    0.93890E+03
    0.29219E+00    0.89911E+03
    0.29810E+00    0.86423E+03
    0.30412E+00    0.83372E+03
    0.31026E+00    0.80610E+03
    0.31653E+00    0.77963E+03
    0.32292E+00    0.75279E+03
    0.32945E+00    0.72461E+03
    0.33610E+00    0.69507E+03
    0.34289E+00    0.66516E+03
    0.34982E+00    0.63624E+03
    0.35689E+00    0.60933E+03
    0.36409E+00    0.58488E+03
    0.37145E+00    0.56272E+03
    0.37895E+00    0.54207E+03
    0.38661E+00    0.52192E+03
    0.39442E+00    0.50160E+03
    0.40239E+00    0.48105E+03
    0.41052E+00    0.46066E+03
    0.41881E+00    0.44108E+03
    0.42727E+00    0.42276E+03
    0.43590E+00    0.40576E+03
    0.44471E+00    0.38977E+03
    0.45369E+00    0.37434E+03
    0.46286E+00    0.35913E+03
    0.47221E+00    0.34412E+03
    0.48174E+00    0.32956E+03
    0.49148E+00    0.31568E+03
    0.50141E+00    0.30259E+03
    0.51153E+00    0.29018E+03
    0.52187E+00    0.27823E+03
    0.53241E+00    0.26661E+03
    0.54317E+00    0.25531E+03
    0.55414E+00    0.24446E+03
    0.56533E+00    0.23412E+03
    0.57675E+00    0.22427E+03
    0.58840E+00    0.21482E+03
    0.60029E+00    0.20568E+03
    0.61242E+00    0.19688E+03
    0.62479E+00    0.18844E+03
    0.63741E+00    0.18036E+03
    0.65029E+00    0.17263E+03
    0.66342E+00    0.16522E+03
    0.67683E+00    0.15811E+03
    0.69050E+00    0.15128E+03
    0.70445E+00    0.14473E+03
    0.71868E+00    0.13845E+03
    0.73320E+00    0.13242E+03
    0.74801E+00    0.12665E+03
    0.76312E+00    0.12111E+03
    0.77854E+00    0.11580E+03
    0.79426E+00    0.11071E+03
    0.81031E+00    0.10583E+03
    0.82668E+00    0.10116E+03
    0.84338E+00    0.96686E+02
    0.86041E+00    0.92400E+02
    0.87780E+00    0.88297E+02
    0.89553E+00    0.84368E+02
    0.91362E+00    0.80607E+02
    0.93208E+00    0.77007E+02
    0.95091E+00    0.73562E+02
    0.97011E+00    0.70266E+02
    0.98971E+00    0.67111E+02
    0.10097E+01    0.64094E+02
    0.10301E+01    0.61206E+02
    0.10509E+01    0.58445E+02
    0.10721E+01    0.55803E+02
    0.10938E+01    0.53276E+02
    0.11159E+01    0.50860E+02
    0.11384E+01    0.48550E+02
    0.11614E+01    0.46340E+02
    0.11849E+01    0.44228E+02
    0.12088E+01    0.42209E+02
    0.12333E+01    0.40279E+02
    0.12582E+01    0.38433E+02
    0.12836E+01    0.36670E+02
    0.13095E+01    0.34985E+02
    0.13360E+01    0.33374E+02
    0.13630E+01    0.31836E+02
    0.13905E+01    0.30366E+02
    0.14186E+01    0.28961E+02
    0.14472E+01    0.27620E+02
    0.14765E+01    0.26338E+02
    0.15063E+01    0.25115E+02
    0.15367E+01    0.23946E+02
    0.15678E+01    0.22830E+02
    0.15994E+01    0.21765E+02
    0.16318E+01    0.20748E+02
    0.16647E+01    0.19777E+02
    0.16984E+01    0.18850E+02
    0.17327E+01    0.17966E+02
    0.17677E+01    0.17121E+02
    0.18034E+01    0.16316E+02
    0.18398E+01    0.15547E+02
    0.18770E+01    0.14814E+02
    0.19149E+01    0.14114E+02
    0.19536E+01    0.13446E+02
    0.19930E+01    0.12809E+02
    0.20333E+01    0.12202E+02
    0.20744E+01    0.11623E+02
    0.21163E+01    0.11070E+02
    0.21590E+01    0.10543E+02
    0.22026E+01    0.10041E+02
    0.22471E+01    0.95619E+01
    0.22925E+01    0.91052E+01
    0.23388E+01    0.86697E+01
    0.23861E+01    0.82547E+01
    0.24343E+01    0.78590E+01
    0.24835E+01    0.74818E+01
    0.25336E+01    0.71224E+01
    0.25848E+01    0.67798E+01
    0.26370E+01    0.64533E+01
    0.26903E+01    0.61423E+01
    0.27447E+01    0.58459E+01
    0.28001E+01    0.55635E+01
    0.28567E+01    0.52944E+01
    0.29144E+01    0.50381E+01
    0.29733E+01    0.47939E+01
    0.30333E+01    0.45613E+01
    0.30946E+01    0.43398E+01
    0.31571E+01    0.41288E+01
    0.32209E+01    0.39279E+01
    0.32860E+01    0.37366E+01
    0.33523E+01    0.35544E+01
    0.34201E+01    0.33809E+01
    0.34892E+01    0.32157E+01
    0.35596E+01    0.30585E+01
    0.36316E+01    0.29087E+01
    0.37049E+01    0.27662E+01
    0.37798E+01    0.26306E+01
    0.38561E+01    0.25014E+01
    0.39340E+01    0.23785E+01
    0.40135E+01    0.22616E+01
    0.40946E+01    0.21502E+01
    0.41773E+01    0.20443E+01
    0.42617E+01    0.19435E+01
    0.43478E+01    0.18476E+01
    0.44356E+01    0.17563E+01
    0.45252E+01    0.16695E+01
    0.46166E+01    0.15868E+01
    0.47099E+01    0.15083E+01
    0.48050E+01    0.14335E+01
    0.49021E+01    0.13624E+01
    0.50011E+01    0.12947E+01
    0.51021E+01    0.12304E+01
    0.52052E+01    0.11692E+01
    0.53104E+01    0.11110E+01
    0.54176E+01    0.10557E+01
    0.55271E+01    0.10030E+01
    0.56387E+01    0.95299E+00
    0.57526E+01    0.90540E+00
    0.58689E+01    0.86016E+00
    0.59874E+01    0.81714E+00
    0.61084E+01    0.77625E+00
    0.62318E+01    0.73737E+00
    0.63577E+01    0.70041E+00
    0.64861E+01    0.66528E+00
    0.66171E+01    0.63188E+00
    0.67508E+01    0.60014E+00
    0.68872E+01    0.56997E+00
    0.70263E+01    0.54129E+00
    0.71682E+01    0.51404E+00
    0.73130E+01    0.48815E+00
    0.74608E+01    0.46354E+00
    0.76115E+01    0.44015E+00
    0.77653E+01    0.41793E+00
    0.79221E+01    0.39682E+00
    0.80822E+01    0.37676E+00
    0.82454E+01    0.35770E+00
    0.84120E+01    0.33959E+00
    0.85819E+01    0.32239E+00
    0.87553E+01    0.30605E+00
    0.89322E+01    0.29052E+00
    0.91126E+01    0.27578E+00
    0.92967E+01    0.26177E+00
    0.94845E+01    0.24847E+00
    0.96761E+01    0.23583E+00
    0.98716E+01    0.22383E+00
    0.10071E+02    0.21243E+00
    0.10274E+02    0.20161E+00
    0.10482E+02    0.19133E+00
    0.10694E+02    0.18157E+00
    0.10910E+02    0.17230E+00
    0.11130E+02    0.16350E+00
    0.11355E+02    0.15515E+00
    0.11584E+02    0.14721E+00
    0.11818E+02    0.13968E+00
    0.12057E+02    0.13253E+00
    0.12301E+02    0.12574E+00
    0.12549E+02    0.11929E+00
    0.12803E+02    0.11318E+00
    0.13061E+02    0.10737E+00
    0.13325E+02    0.10185E+00
    0.13594E+02    0.96622E-01
    0.13869E+02    0.91655E-01
    0.14149E+02    0.86941E-01
    0.14435E+02    0.82467E-01
    0.14727E+02    0.78221E-01
    0.15024E+02    0.74191E-01
    0.15328E+02    0.70367E-01
    0.15637E+02    0.66737E-01
    0.15953E+02    0.63294E-01
    0.16275E+02    0.60026E-01
    0.16604E+02    0.56925E-01
    0.16940E+02    0.53983E-01
    0.17282E+02    0.51191E-01
    0.17631E+02    0.48542E-01
    0.17987E+02    0.46030E-01
    0.18351E+02    0.43645E-01
    0.18721E+02    0.41384E-01
    0.19099E+02    0.39238E-01
    0.19485E+02    0.37203E-01
    0.19879E+02    0.35272E-01
    0.20280E+02    0.33440E-01
    0.20690E+02    0.31703E-01
    0.21108E+02    0.30055E-01
    0.21535E+02    0.28492E-01
    0.21970E+02    0.27009E-01
    0.22413E+02    0.25603E-01
    0.22866E+02    0.24270E-01
    0.23328E+02    0.23005E-01
    0.23799E+02    0.21806E-01
    0.24280E+02    0.20668E-01
    0.24771E+02    0.19590E-01
    0.25271E+02    0.18567E-01
    0.25782E+02    0.17597E-01
    0.26302E+02    0.16677E-01
    0.26834E+02    0.15805E-01
    0.27376E+02    0.14978E-01
    0.27929E+02    0.14194E-01
    0.28493E+02    0.13451E-01
    0.29069E+02    0.12746E-01
    0.29656E+02    0.12078E-01
    0.30255E+02    0.11445E-01
    0.30866E+02    0.10844E-01
    0.31490E+02    0.10275E-01
    0.32126E+02    0.97354E-02
    0.32775E+02    0.92239E-02
    0.33437E+02    0.87390E-02
    0.34112E+02    0.82794E-02
    0.34801E+02    0.78437E-02
    0.35504E+02    0.74308E-02
    0.36222E+02    0.70394E-02
    0.36953E+02    0.66684E-02
    0.37700E+02    0.63168E-02
    0.38462E+02    0.59836E-02
    0.39239E+02    0.56678E-02
    0.40031E+02    0.53685E-02
    0.40840E+02    0.50849E-02
    0.41665E+02    0.48162E-02
    0.42507E+02    0.45615E-02
    0.43365E+02    0.43201E-02
    0.44241E+02    0.40914E-02
    0.45135E+02    0.38747E-02
    0.46047E+02    0.36694E-02
    0.46977E+02    0.34748E-02
    0.47926E+02    0.32905E-02
    0.48894E+02    0.31159E-02
    0.49882E+02    0.29504E-02
    0.50890E+02    0.27936E-02
    0.51918E+02    0.26451E-02
    0.52966E+02    0.25044E-02
    0.54036E+02    0.23711E-02
    0.55128E+02    0.22449E-02
    0.56242E+02    0.21253E-02
    0.57378E+02    0.20120E-02
    0.58537E+02    0.19046E-02
    0.59720E+02    0.18030E-02
    0.60926E+02    0.17067E-02
    0.62157E+02    0.16155E-02
    0.63412E+02    0.15291E-02
    0.64693E+02    0.14473E-02
    0.66000E+02    0.13698E-02
    0.67334E+02    0.12964E-02
    0.68694E+02    0.12269E-02
    0.70082E+02    0.11611E-02
    0.71497E+02    0.10987E-02
    0.72942E+02    0.10397E-02
    0.74415E+02    0.98382E-03
    0.75918E+02    0.93089E-03
    0.77452E+02    0.88078E-03
    0.79017E+02    0.83332E-03
    0.80613E+02    0.78839E-03
    0.82241E+02    0.74585E-03
    0.83903E+02    0.70557E-03
    0.85598E+02    0.66743E-03
    0.87327E+02    0.63133E-03
    0.89091E+02    0.59715E-03
    0.90891E+02    0.56479E-03
    0.92727E+02    0.53416E-03
    0.94600E+02    0.50516E-03
    0.96511E+02    0.47771E-03
    0.98461E+02    0.45173E-03
    0.10045E+03    0.42714E-03
    0.10248E+03    0.40386E-03
    0.10455E+03    0.38183E-03
    0.10666E+03    0.36098E-03
    0.10882E+03    0.34125E-03
    0.11101E+03    0.32257E-03
    0.11326E+03    0.30490E-03
    0.11554E+03    0.28817E-03
    0.11788E+03    0.27235E-03
    0.12026E+03    0.25737E-03
    0.12269E+03    0.24320E-03
    0.12517E+03    0.22979E-03
    0.12770E+03    0.21711E-03
    0.13028E+03    0.20510E-03
    0.13291E+03    0.19375E-03
    0.13559E+03    0.18301E-03
    0.13833E+03    0.17285E-03
    0.14113E+03    0.16324E-03
    0.14398E+03    0.15415E-03
    0.14689E+03    0.14555E-03
    0.14985E+03    0.13742E-03
    0.15288E+03    0.12973E-03
    0.15597E+03    0.12246E-03
    0.15912E+03    0.11558E-03
    0.16233E+03    0.10907E-03
    0.16561E+03    0.10293E-03
    0.16896E+03    0.97112E-04
    0.17237E+03    0.91616E-04
    0.17585E+03    0.86420E-04
    0.17941E+03    0.81508E-04
    0.18303E+03    0.76866E-04
    0.18673E+03    0.72478E-04
    0.19050E+03    0.68332E-04
    0.19435E+03    0.64414E-04
    0.19828E+03    0.60712E-04
    0.20228E+03    0.57214E-04
    0.20637E+03    0.53909E-04
    0.21054E+03    0.50788E-04
    0.21479E+03    0.47839E-04
    0.21913E+03    0.45054E-04
    0.22356E+03    0.42424E-04
    0.22807E+03    0.39941E-04
    0.23268E+03    0.37596E-04
    0.23738E+03    0.35383E-04
    0.24217E+03    0.33293E-04
    0.24707E+03    0.31321E-04
    0.25206E+03    0.29461E-04
    0.25715E+03    0.27705E-04
    0.26234E+03    0.26048E-04
    0.26764E+03    0.24485E-04
    0.27305E+03    0.23011E-04
    0.27857E+03    0.21622E-04
    0.28419E+03    0.20311E-04
    0.28994E+03    0.19076E-04
    0.29579E+03    0.17912E-04
    0.30177E+03    0.16816E-04
    0.30786E+03    0.15782E-04
    0.31408E+03    0.14809E-04
    0.32043E+03    0.13893E-04
    0.32690E+03    0.13030E-04
    0.33351E+03    0.12218E-04
    0.34024E+03    0.11453E-04
    0.34712E+03    0.10734E-04
    0.35413E+03    0.10058E-04
    0.36128E+03    0.94217E-05
    0.36858E+03    0.88235E-05
    0.37603E+03    0.82612E-05
    0.38362E+03    0.77327E-05
    0.39137E+03    0.72363E-05
    0.39928E+03    0.67701E-05
    0.40734E+03    0.63325E-05
    0.41557E+03    0.59218E-05
    0.42397E+03    0.55365E-05
    0.43253E+03    0.51752E-05
    0.44127E+03    0.48364E-05
    0.45019E+03    0.45190E-05
    0.45928E+03    0.42215E-05
    0.46856E+03    0.39428E-05
    0.47802E+03    0.36819E-05
    0.48768E+03    0.34377E-05
    0.49753E+03    0.32091E-05
    0.50758E+03    0.29952E-05
    0.51784E+03    0.27951E-05
    0.52830E+03    0.26081E-05
    0.53897E+03    0.24332E-05
    0.54986E+03    0.22698E-05
    0.56097E+03    0.21172E-05
    0.57230E+03    0.19748E-05
    0.58386E+03    0.18419E-05
    0.59565E+03    0.17179E-05
    0.60769E+03    0.16023E-05
    0.61996E+03    0.14946E-05
    0.63249E+03    0.13941E-05
    0.64526E+03    0.13006E-05
    0.65830E+03    0.12135E-05
    0.67160E+03    0.11323E-05
    0.68516E+03    0.10568E-05
    0.69901E+03    0.98646E-06
    0.71313E+03    0.92101E-06
    0.72753E+03    0.86011E-06
    0.74223E+03    0.80344E-06
    0.75722E+03    0.75070E-06
    0.77252E+03    0.70161E-06
    0.78813E+03    0.65590E-06
    0.80405E+03    0.61335E-06
    0.82029E+03    0.57372E-06
    0.83686E+03    0.53681E-06
    0.85377E+03    0.50242E-06
    0.87101E+03    0.47037E-06
    0.88861E+03    0.44051E-06
    0.90656E+03    0.41267E-06
    0.92488E+03    0.38672E-06
    0.94356E+03    0.36252E-06
    0.96262E+03    0.33994E-06
    0.98207E+03    0.31888E-06
    0.10019E+04    0.29923E-06
    0.10221E+04    0.28088E-06
    0.10428E+04    0.26375E-06
    0.10639E+04    0.24773E-06
    0.10854E+04    0.23275E-06
    0.11073E+04    0.21872E-06
    0.11296E+04    0.20557E-06
    0.11525E+04    0.19323E-06
    0.11757E+04    0.18166E-06
    0.11995E+04    0.17078E-06
    0.12237E+04    0.16056E-06
    0.12485E+04    0.15094E-06
    0.12737E+04    0.14190E-06
    0.12994E+04    0.13338E-06
    0.13257E+04    0.12535E-06
    0.13524E+04    0.11779E-06
    0.13798E+04    0.11065E-06
    0.14076E+04    0.10392E-06
    0.14361E+04    0.97577E-07
    0.14651E+04    0.91593E-07
    0.14947E+04    0.85958E-07
    0.15249E+04    0.80656E-07
    0.15557E+04    0.75673E-07
    0.15871E+04    0.70993E-07
    0.16192E+04    0.66601E-07
    0.16519E+04    0.62483E-07
    0.16852E+04    0.58624E-07
    0.17193E+04    0.55011E-07
    0.17540E+04    0.51630E-07
    0.17894E+04    0.48467E-07
    0.18256E+04    0.45511E-07
    0.18625E+04    0.42748E-07
    0.19001E+04    0.40169E-07
    0.19385E+04    0.37761E-07
    0.19776E+04    0.35514E-07
    0.20176E+04    0.33417E-07
    0.20583E+04    0.31458E-07
    0.20999E+04    0.29626E-07
    0.21424E+04    0.27911E-07
    0.21856E+04    0.26305E-07
    0.22298E+04    0.24798E-07
    0.22748E+04    0.23383E-07
    0.23208E+04    0.22054E-07
    0.23677E+04    0.20805E-07
    0.24155E+04    0.19629E-07
    0.24643E+04    0.18521E-07
    0.25141E+04    0.17477E-07
    0.25649E+04    0.16492E-07
    0.26167E+04    0.15562E-07
    0.26695E+04    0.14684E-07
    0.27235E+04    0.13854E-07
    0.27785E+04    0.13069E-07
    0.28346E+04    0.12327E-07
    0.28919E+04    0.11625E-07
    0.29503E+04    0.10962E-07
    0.30099E+04    0.10336E-07
    0.30707E+04    0.97450E-08
    0.31327E+04    0.91870E-08
    0.31960E+04    0.86605E-08
    0.32606E+04    0.81638E-08
    0.33264E+04    0.76954E-08
    0.33936E+04    0.72537E-08
    0.34622E+04    0.68375E-08
    0.35321E+04    0.64452E-08
    0.36035E+04    0.60756E-08
    0.36763E+04    0.57275E-08
    0.37506E+04    0.53997E-08
    0.38263E+04    0.50910E-08
    0.39036E+04    0.48003E-08
    0.39825E+04    0.45267E-08
    0.40629E+04    0.42690E-08
    0.41450E+04    0.40263E-08
    0.42287E+04    0.37977E-08
    0.43142E+04    0.35823E-08
    0.44013E+04    0.33793E-08
    0.44902E+04    0.31881E-08
    0.45809E+04    0.30079E-08
    0.46735E+04    0.28380E-08
    0.47679E+04    0.26778E-08
    0.48642E+04    0.25268E-08
    0.49625E+04    0.23845E-08
    0.50627E+04    0.22502E-08
    0.51650E+04    0.21236E-08
    0.52693E+04    0.20042E-08
    0.53758E+04    0.18915E-08
    0.54844E+04    0.17852E-08
    0.55952E+04    0.16850E-08
    0.57082E+04    0.15904E-08
    0.58235E+04    0.15011E-08
    0.59412E+04    0.14169E-08
    0.60612E+04    0.13374E-08
    0.61836E+04    0.12624E-08
    0.63085E+04    0.11917E-08
    0.64360E+04    0.11249E-08
    0.65660E+04    0.10619E-08
    0.66986E+04    0.10024E-08
    0.68340E+04    0.94625E-09
    0.69720E+04    0.89327E-09
    0.71129E+04    0.84326E-09
    0.72566E+04    0.79605E-09
    0.74031E+04    0.75149E-09
    0.75527E+04    0.70943E-09
    0.77053E+04    0.66972E-09
    0.78609E+04    0.63224E-09
    0.80197E+04    0.59686E-09
    0.81817E+04    0.56346E-09
    0.83470E+04    0.53193E-09
    0.85156E+04    0.50216E-09
    0.86877E+04    0.47406E-09
    0.88632E+04    0.44754E-09
    0.90422E+04    0.42250E-09
    0.92249E+04    0.39886E-09
    0.94112E+04    0.37654E-09
    0.96013E+04    0.35547E-09
    0.97953E+04    0.33559E-09
    0.99932E+04    0.31681E-09
    0.10195E+05    0.29909E-09
    0.10401E+05    0.28235E-09
